theta	phi	gain
(deg)	(deg)	
-----------------------------------------
            0            0        4.854
            0            1        4.853
            0            2        4.848
            0            3        4.841
            0            4         4.83
            0            5        4.816
            0            6        4.799
            0            7        4.779
            0            8        4.756
            0            9         4.73
            0           10          4.7
            0           11        4.668
            0           12        4.633
            0           13        4.595
            0           14        4.554
            0           15         4.51
            0           16        4.464
            0           17        4.415
            0           18        4.364
            0           19         4.31
            0           20        4.254
            0           21        4.195
            0           22        4.135
            0           23        4.072
            0           24        4.007
            0           25        3.941
            0           26        3.873
            0           27        3.803
            0           28        3.731
            0           29        3.658
            0           30        3.584
            0           31        3.509
            0           32        3.433
            0           33        3.355
            0           34        3.277
            0           35        3.198
            0           36        3.119
            0           37        3.039
            0           38        2.959
            0           39        2.879
            0           40        2.799
            0           41        2.719
            0           42        2.639
            0           43         2.56
            0           44        2.481
            0           45        2.403
            0           46        2.325
            0           47        2.248
            0           48        2.172
            0           49        2.097
            0           50        2.024
            0           51        1.951
            0           52         1.88
            0           53         1.81
            0           54        1.741
            0           55        1.674
            0           56        1.609
            0           57        1.545
            0           58        1.483
            0           59        1.422
            0           60        1.364
            0           61        1.306
            0           62        1.251
            0           63        1.197
            0           64        1.146
            0           65        1.096
            0           66        1.047
            0           67        1.001
            0           68       0.9558
            0           69       0.9127
            0           70       0.8712
            0           71       0.8315
            0           72       0.7933
            0           73       0.7567
            0           74       0.7217
            0           75       0.6882
            0           76       0.6562
            0           77       0.6256
            0           78       0.5964
            0           79       0.5685
            0           80       0.5419
            0           81       0.5166
            0           82       0.4925
            0           83       0.4695
            0           84       0.4477
            0           85       0.4269
            0           86       0.4072
            0           87       0.3884
            0           88       0.3706
            0           89       0.3536
            0           90       0.3375
            0           91       0.3223
            0           92       0.3078
            0           93        0.294
            0           94       0.2809
            0           95       0.2685
            0           96       0.2567
            0           97       0.2455
            0           98       0.2349
            0           99       0.2248
            0          100       0.2152
            0          101       0.2061
            0          102       0.1975
            0          103       0.1893
            0          104       0.1816
            0          105       0.1742
            0          106       0.1672
            0          107       0.1605
            0          108       0.1542
            0          109       0.1482
            0          110       0.1425
            0          111       0.1371
            0          112        0.132
            0          113       0.1271
            0          114       0.1225
            0          115       0.1182
            0          116       0.1141
            0          117       0.1102
            0          118       0.1065
            0          119       0.1031
            0          120       0.0998
            0          121      0.09673
            0          122      0.09384
            0          123      0.09114
            0          124      0.08861
            0          125      0.08625
            0          126      0.08405
            0          127      0.08201
            0          128      0.08012
            0          129      0.07838
            0          130      0.07679
            0          131      0.07534
            0          132      0.07402
            0          133      0.07285
            0          134      0.07182
            0          135      0.07092
            0          136      0.07016
            0          137      0.06954
            0          138      0.06907
            0          139      0.06875
            0          140      0.06857
            0          141      0.06856
            0          142      0.06871
            0          143      0.06904
            0          144      0.06955
            0          145      0.07026
            0          146      0.07117
            0          147       0.0723
            0          148      0.07365
            0          149      0.07524
            0          150      0.07708
            0          151      0.07917
            0          152      0.08153
            0          153      0.08415
            0          154      0.08706
            0          155      0.09023
            0          156      0.09368
            0          157       0.0974
            0          158       0.1014
            0          159       0.1056
            0          160         0.11
            0          161       0.1147
            0          162       0.1195
            0          163       0.1245
            0          164       0.1295
            0          165       0.1347
            0          166       0.1398
            0          167        0.145
            0          168       0.1501
            0          169        0.155
            0          170       0.1598
            0          171       0.1643
            0          172       0.1686
            0          173       0.1725
            0          174        0.176
            0          175       0.1792
            0          176       0.1819
            0          177        0.184
            0          178       0.1857
            0          179       0.1868
            0          180       0.1874
            0          181       0.1874
            0          182       0.1869
            0          183       0.1858
            0          184       0.1842
            0          185       0.1821
            0          186       0.1796
            0          187       0.1765
            0          188       0.1731
            0          189       0.1693
            0          190       0.1652
            0          191       0.1609
            0          192       0.1563
            0          193       0.1516
            0          194       0.1468
            0          195       0.1419
            0          196        0.137
            0          197       0.1321
            0          198       0.1273
            0          199       0.1226
            0          200       0.1181
            0          201       0.1137
            0          202       0.1095
            0          203       0.1055
            0          204       0.1018
            0          205      0.09827
            0          206      0.09501
            0          207        0.092
            0          208      0.08925
            0          209      0.08674
            0          210      0.08449
            0          211      0.08248
            0          212       0.0807
            0          213      0.07915
            0          214      0.07782
            0          215       0.0767
            0          216      0.07578
            0          217      0.07506
            0          218      0.07451
            0          219      0.07415
            0          220      0.07395
            0          221      0.07392
            0          222      0.07405
            0          223      0.07433
            0          224      0.07477
            0          225      0.07536
            0          226       0.0761
            0          227      0.07698
            0          228      0.07802
            0          229      0.07922
            0          230      0.08056
            0          231      0.08207
            0          232      0.08373
            0          233      0.08556
            0          234      0.08756
            0          235      0.08973
            0          236      0.09208
            0          237      0.09461
            0          238      0.09733
            0          239       0.1002
            0          240       0.1034
            0          241       0.1067
            0          242       0.1102
            0          243        0.114
            0          244        0.118
            0          245       0.1222
            0          246       0.1267
            0          247       0.1314
            0          248       0.1364
            0          249       0.1416
            0          250       0.1472
            0          251        0.153
            0          252       0.1592
            0          253       0.1657
            0          254       0.1725
            0          255       0.1797
            0          256       0.1872
            0          257       0.1952
            0          258       0.2035
            0          259       0.2123
            0          260       0.2215
            0          261       0.2312
            0          262       0.2415
            0          263       0.2522
            0          264       0.2635
            0          265       0.2754
            0          266       0.2879
            0          267       0.3011
            0          268       0.3149
            0          269       0.3295
            0          270       0.3448
            0          271       0.3609
            0          272       0.3778
            0          273       0.3956
            0          274       0.4143
            0          275        0.434
            0          276       0.4547
            0          277       0.4764
            0          278       0.4992
            0          279       0.5232
            0          280       0.5483
            0          281       0.5746
            0          282       0.6023
            0          283       0.6312
            0          284       0.6615
            0          285       0.6932
            0          286       0.7263
            0          287        0.761
            0          288       0.7971
            0          289       0.8348
            0          290       0.8742
            0          291       0.9151
            0          292       0.9577
            0          293        1.002
            0          294        1.048
            0          295        1.096
            0          296        1.145
            0          297        1.196
            0          298        1.249
            0          299        1.304
            0          300         1.36
            0          301        1.418
            0          302        1.478
            0          303        1.539
            0          304        1.603
            0          305        1.667
            0          306        1.733
            0          307        1.801
            0          308         1.87
            0          309        1.941
            0          310        2.013
            0          311        2.086
            0          312         2.16
            0          313        2.235
            0          314        2.311
            0          315        2.388
            0          316        2.465
            0          317        2.544
            0          318        2.623
            0          319        2.702
            0          320        2.781
            0          321        2.861
            0          322        2.941
            0          323         3.02
            0          324          3.1
            0          325        3.179
            0          326        3.257
            0          327        3.335
            0          328        3.412
            0          329        3.489
            0          330        3.564
            0          331        3.638
            0          332        3.711
            0          333        3.783
            0          334        3.853
            0          335        3.922
            0          336        3.988
            0          337        4.054
            0          338        4.117
            0          339        4.178
            0          340        4.237
            0          341        4.294
            0          342        4.348
            0          343          4.4
            0          344         4.45
            0          345        4.497
            0          346        4.541
            0          347        4.583
            0          348        4.622
            0          349        4.658
            0          350        4.691
            0          351        4.721
            0          352        4.748
            0          353        4.772
            0          354        4.793
            0          355        4.811
            0          356        4.826
            0          357        4.838
            0          358        4.846
            0          359        4.852
            0          360        4.854
           90            0        4.854
           90            1        4.853
           90            2        4.848
           90            3        4.841
           90            4         4.83
           90            5        4.816
           90            6        4.799
           90            7        4.779
           90            8        4.756
           90            9         4.73
           90           10          4.7
           90           11        4.668
           90           12        4.633
           90           13        4.595
           90           14        4.554
           90           15         4.51
           90           16        4.464
           90           17        4.415
           90           18        4.364
           90           19         4.31
           90           20        4.254
           90           21        4.195
           90           22        4.135
           90           23        4.072
           90           24        4.007
           90           25        3.941
           90           26        3.873
           90           27        3.803
           90           28        3.731
           90           29        3.658
           90           30        3.584
           90           31        3.509
           90           32        3.433
           90           33        3.355
           90           34        3.277
           90           35        3.198
           90           36        3.119
           90           37        3.039
           90           38        2.959
           90           39        2.879
           90           40        2.799
           90           41        2.719
           90           42        2.639
           90           43         2.56
           90           44        2.481
           90           45        2.403
           90           46        2.325
           90           47        2.248
           90           48        2.172
           90           49        2.097
           90           50        2.024
           90           51        1.951
           90           52         1.88
           90           53         1.81
           90           54        1.741
           90           55        1.674
           90           56        1.609
           90           57        1.545
           90           58        1.483
           90           59        1.422
           90           60        1.364
           90           61        1.306
           90           62        1.251
           90           63        1.197
           90           64        1.146
           90           65        1.096
           90           66        1.047
           90           67        1.001
           90           68       0.9558
           90           69       0.9127
           90           70       0.8712
           90           71       0.8315
           90           72       0.7933
           90           73       0.7567
           90           74       0.7217
           90           75       0.6882
           90           76       0.6562
           90           77       0.6256
           90           78       0.5964
           90           79       0.5685
           90           80       0.5419
           90           81       0.5166
           90           82       0.4925
           90           83       0.4695
           90           84       0.4477
           90           85       0.4269
           90           86       0.4072
           90           87       0.3884
           90           88       0.3706
           90           89       0.3536
           90           90       0.3375
           90           91       0.3223
           90           92       0.3078
           90           93        0.294
           90           94       0.2809
           90           95       0.2685
           90           96       0.2567
           90           97       0.2455
           90           98       0.2349
           90           99       0.2248
           90          100       0.2152
           90          101       0.2061
           90          102       0.1975
           90          103       0.1893
           90          104       0.1816
           90          105       0.1742
           90          106       0.1672
           90          107       0.1605
           90          108       0.1542
           90          109       0.1482
           90          110       0.1425
           90          111       0.1371
           90          112        0.132
           90          113       0.1271
           90          114       0.1225
           90          115       0.1182
           90          116       0.1141
           90          117       0.1102
           90          118       0.1065
           90          119       0.1031
           90          120       0.0998
           90          121      0.09673
           90          122      0.09384
           90          123      0.09114
           90          124      0.08861
           90          125      0.08625
           90          126      0.08405
           90          127      0.08201
           90          128      0.08012
           90          129      0.07838
           90          130      0.07679
           90          131      0.07534
           90          132      0.07402
           90          133      0.07285
           90          134      0.07182
           90          135      0.07092
           90          136      0.07016
           90          137      0.06954
           90          138      0.06907
           90          139      0.06875
           90          140      0.06857
           90          141      0.06856
           90          142      0.06871
           90          143      0.06904
           90          144      0.06955
           90          145      0.07026
           90          146      0.07117
           90          147       0.0723
           90          148      0.07365
           90          149      0.07524
           90          150      0.07708
           90          151      0.07917
           90          152      0.08153
           90          153      0.08415
           90          154      0.08706
           90          155      0.09023
           90          156      0.09368
           90          157       0.0974
           90          158       0.1014
           90          159       0.1056
           90          160         0.11
           90          161       0.1147
           90          162       0.1195
           90          163       0.1245
           90          164       0.1295
           90          165       0.1347
           90          166       0.1398
           90          167        0.145
           90          168       0.1501
           90          169        0.155
           90          170       0.1598
           90          171       0.1643
           90          172       0.1686
           90          173       0.1725
           90          174        0.176
           90          175       0.1792
           90          176       0.1819
           90          177        0.184
           90          178       0.1857
           90          179       0.1868
           90          180       0.1874
           90          181       0.1874
           90          182       0.1869
           90          183       0.1858
           90          184       0.1842
           90          185       0.1821
           90          186       0.1796
           90          187       0.1765
           90          188       0.1731
           90          189       0.1693
           90          190       0.1652
           90          191       0.1609
           90          192       0.1563
           90          193       0.1516
           90          194       0.1468
           90          195       0.1419
           90          196        0.137
           90          197       0.1321
           90          198       0.1273
           90          199       0.1226
           90          200       0.1181
           90          201       0.1137
           90          202       0.1095
           90          203       0.1055
           90          204       0.1018
           90          205      0.09827
           90          206      0.09501
           90          207        0.092
           90          208      0.08925
           90          209      0.08674
           90          210      0.08449
           90          211      0.08248
           90          212       0.0807
           90          213      0.07915
           90          214      0.07782
           90          215       0.0767
           90          216      0.07578
           90          217      0.07506
           90          218      0.07451
           90          219      0.07415
           90          220      0.07395
           90          221      0.07392
           90          222      0.07405
           90          223      0.07433
           90          224      0.07477
           90          225      0.07536
           90          226       0.0761
           90          227      0.07698
           90          228      0.07802
           90          229      0.07922
           90          230      0.08056
           90          231      0.08207
           90          232      0.08373
           90          233      0.08556
           90          234      0.08756
           90          235      0.08973
           90          236      0.09208
           90          237      0.09461
           90          238      0.09733
           90          239       0.1002
           90          240       0.1034
           90          241       0.1067
           90          242       0.1102
           90          243        0.114
           90          244        0.118
           90          245       0.1222
           90          246       0.1267
           90          247       0.1314
           90          248       0.1364
           90          249       0.1416
           90          250       0.1472
           90          251        0.153
           90          252       0.1592
           90          253       0.1657
           90          254       0.1725
           90          255       0.1797
           90          256       0.1872
           90          257       0.1952
           90          258       0.2035
           90          259       0.2123
           90          260       0.2215
           90          261       0.2312
           90          262       0.2415
           90          263       0.2522
           90          264       0.2635
           90          265       0.2754
           90          266       0.2879
           90          267       0.3011
           90          268       0.3149
           90          269       0.3295
           90          270       0.3448
           90          271       0.3609
           90          272       0.3778
           90          273       0.3956
           90          274       0.4143
           90          275        0.434
           90          276       0.4547
           90          277       0.4764
           90          278       0.4992
           90          279       0.5232
           90          280       0.5483
           90          281       0.5746
           90          282       0.6023
           90          283       0.6312
           90          284       0.6615
           90          285       0.6932
           90          286       0.7263
           90          287        0.761
           90          288       0.7971
           90          289       0.8348
           90          290       0.8742
           90          291       0.9151
           90          292       0.9577
           90          293        1.002
           90          294        1.048
           90          295        1.096
           90          296        1.145
           90          297        1.196
           90          298        1.249
           90          299        1.304
           90          300         1.36
           90          301        1.418
           90          302        1.478
           90          303        1.539
           90          304        1.603
           90          305        1.667
           90          306        1.733
           90          307        1.801
           90          308         1.87
           90          309        1.941
           90          310        2.013
           90          311        2.086
           90          312         2.16
           90          313        2.235
           90          314        2.311
           90          315        2.388
           90          316        2.465
           90          317        2.544
           90          318        2.623
           90          319        2.702
           90          320        2.781
           90          321        2.861
           90          322        2.941
           90          323         3.02
           90          324          3.1
           90          325        3.179
           90          326        3.257
           90          327        3.335
           90          328        3.412
           90          329        3.489
           90          330        3.564
           90          331        3.638
           90          332        3.711
           90          333        3.783
           90          334        3.853
           90          335        3.922
           90          336        3.988
           90          337        4.054
           90          338        4.117
           90          339        4.178
           90          340        4.237
           90          341        4.294
           90          342        4.348
           90          343          4.4
           90          344         4.45
           90          345        4.497
           90          346        4.541
           90          347        4.583
           90          348        4.622
           90          349        4.658
           90          350        4.691
           90          351        4.721
           90          352        4.748
           90          353        4.772
           90          354        4.793
           90          355        4.811
           90          356        4.826
           90          357        4.838
           90          358        4.846
           90          359        4.852
           90          360        4.854
          180            0        4.854
          180            1        4.853
          180            2        4.848
          180            3        4.841
          180            4         4.83
          180            5        4.816
          180            6        4.799
          180            7        4.779
          180            8        4.756
          180            9         4.73
          180           10          4.7
          180           11        4.668
          180           12        4.633
          180           13        4.595
          180           14        4.554
          180           15         4.51
          180           16        4.464
          180           17        4.415
          180           18        4.364
          180           19         4.31
          180           20        4.254
          180           21        4.195
          180           22        4.135
          180           23        4.072
          180           24        4.007
          180           25        3.941
          180           26        3.873
          180           27        3.803
          180           28        3.731
          180           29        3.658
          180           30        3.584
          180           31        3.509
          180           32        3.433
          180           33        3.355
          180           34        3.277
          180           35        3.198
          180           36        3.119
          180           37        3.039
          180           38        2.959
          180           39        2.879
          180           40        2.799
          180           41        2.719
          180           42        2.639
          180           43         2.56
          180           44        2.481
          180           45        2.403
          180           46        2.325
          180           47        2.248
          180           48        2.172
          180           49        2.097
          180           50        2.024
          180           51        1.951
          180           52         1.88
          180           53         1.81
          180           54        1.741
          180           55        1.674
          180           56        1.609
          180           57        1.545
          180           58        1.483
          180           59        1.422
          180           60        1.364
          180           61        1.306
          180           62        1.251
          180           63        1.197
          180           64        1.146
          180           65        1.096
          180           66        1.047
          180           67        1.001
          180           68       0.9558
          180           69       0.9127
          180           70       0.8712
          180           71       0.8315
          180           72       0.7933
          180           73       0.7567
          180           74       0.7217
          180           75       0.6882
          180           76       0.6562
          180           77       0.6256
          180           78       0.5964
          180           79       0.5685
          180           80       0.5419
          180           81       0.5166
          180           82       0.4925
          180           83       0.4695
          180           84       0.4477
          180           85       0.4269
          180           86       0.4072
          180           87       0.3884
          180           88       0.3706
          180           89       0.3536
          180           90       0.3375
          180           91       0.3223
          180           92       0.3078
          180           93        0.294
          180           94       0.2809
          180           95       0.2685
          180           96       0.2567
          180           97       0.2455
          180           98       0.2349
          180           99       0.2248
          180          100       0.2152
          180          101       0.2061
          180          102       0.1975
          180          103       0.1893
          180          104       0.1816
          180          105       0.1742
          180          106       0.1672
          180          107       0.1605
          180          108       0.1542
          180          109       0.1482
          180          110       0.1425
          180          111       0.1371
          180          112        0.132
          180          113       0.1271
          180          114       0.1225
          180          115       0.1182
          180          116       0.1141
          180          117       0.1102
          180          118       0.1065
          180          119       0.1031
          180          120       0.0998
          180          121      0.09673
          180          122      0.09384
          180          123      0.09114
          180          124      0.08861
          180          125      0.08625
          180          126      0.08405
          180          127      0.08201
          180          128      0.08012
          180          129      0.07838
          180          130      0.07679
          180          131      0.07534
          180          132      0.07402
          180          133      0.07285
          180          134      0.07182
          180          135      0.07092
          180          136      0.07016
          180          137      0.06954
          180          138      0.06907
          180          139      0.06875
          180          140      0.06857
          180          141      0.06856
          180          142      0.06871
          180          143      0.06904
          180          144      0.06955
          180          145      0.07026
          180          146      0.07117
          180          147       0.0723
          180          148      0.07365
          180          149      0.07524
          180          150      0.07708
          180          151      0.07917
          180          152      0.08153
          180          153      0.08415
          180          154      0.08706
          180          155      0.09023
          180          156      0.09368
          180          157       0.0974
          180          158       0.1014
          180          159       0.1056
          180          160         0.11
          180          161       0.1147
          180          162       0.1195
          180          163       0.1245
          180          164       0.1295
          180          165       0.1347
          180          166       0.1398
          180          167        0.145
          180          168       0.1501
          180          169        0.155
          180          170       0.1598
          180          171       0.1643
          180          172       0.1686
          180          173       0.1725
          180          174        0.176
          180          175       0.1792
          180          176       0.1819
          180          177        0.184
          180          178       0.1857
          180          179       0.1868
          180          180       0.1874
          180          181       0.1874
          180          182       0.1869
          180          183       0.1858
          180          184       0.1842
          180          185       0.1821
          180          186       0.1796
          180          187       0.1765
          180          188       0.1731
          180          189       0.1693
          180          190       0.1652
          180          191       0.1609
          180          192       0.1563
          180          193       0.1516
          180          194       0.1468
          180          195       0.1419
          180          196        0.137
          180          197       0.1321
          180          198       0.1273
          180          199       0.1226
          180          200       0.1181
          180          201       0.1137
          180          202       0.1095
          180          203       0.1055
          180          204       0.1018
          180          205      0.09827
          180          206      0.09501
          180          207        0.092
          180          208      0.08925
          180          209      0.08674
          180          210      0.08449
          180          211      0.08248
          180          212       0.0807
          180          213      0.07915
          180          214      0.07782
          180          215       0.0767
          180          216      0.07578
          180          217      0.07506
          180          218      0.07451
          180          219      0.07415
          180          220      0.07395
          180          221      0.07392
          180          222      0.07405
          180          223      0.07433
          180          224      0.07477
          180          225      0.07536
          180          226       0.0761
          180          227      0.07698
          180          228      0.07802
          180          229      0.07922
          180          230      0.08056
          180          231      0.08207
          180          232      0.08373
          180          233      0.08556
          180          234      0.08756
          180          235      0.08973
          180          236      0.09208
          180          237      0.09461
          180          238      0.09733
          180          239       0.1002
          180          240       0.1034
          180          241       0.1067
          180          242       0.1102
          180          243        0.114
          180          244        0.118
          180          245       0.1222
          180          246       0.1267
          180          247       0.1314
          180          248       0.1364
          180          249       0.1416
          180          250       0.1472
          180          251        0.153
          180          252       0.1592
          180          253       0.1657
          180          254       0.1725
          180          255       0.1797
          180          256       0.1872
          180          257       0.1952
          180          258       0.2035
          180          259       0.2123
          180          260       0.2215
          180          261       0.2312
          180          262       0.2415
          180          263       0.2522
          180          264       0.2635
          180          265       0.2754
          180          266       0.2879
          180          267       0.3011
          180          268       0.3149
          180          269       0.3295
          180          270       0.3448
          180          271       0.3609
          180          272       0.3778
          180          273       0.3956
          180          274       0.4143
          180          275        0.434
          180          276       0.4547
          180          277       0.4764
          180          278       0.4992
          180          279       0.5232
          180          280       0.5483
          180          281       0.5746
          180          282       0.6023
          180          283       0.6312
          180          284       0.6615
          180          285       0.6932
          180          286       0.7263
          180          287        0.761
          180          288       0.7971
          180          289       0.8348
          180          290       0.8742
          180          291       0.9151
          180          292       0.9577
          180          293        1.002
          180          294        1.048
          180          295        1.096
          180          296        1.145
          180          297        1.196
          180          298        1.249
          180          299        1.304
          180          300         1.36
          180          301        1.418
          180          302        1.478
          180          303        1.539
          180          304        1.603
          180          305        1.667
          180          306        1.733
          180          307        1.801
          180          308         1.87
          180          309        1.941
          180          310        2.013
          180          311        2.086
          180          312         2.16
          180          313        2.235
          180          314        2.311
          180          315        2.388
          180          316        2.465
          180          317        2.544
          180          318        2.623
          180          319        2.702
          180          320        2.781
          180          321        2.861
          180          322        2.941
          180          323         3.02
          180          324          3.1
          180          325        3.179
          180          326        3.257
          180          327        3.335
          180          328        3.412
          180          329        3.489
          180          330        3.564
          180          331        3.638
          180          332        3.711
          180          333        3.783
          180          334        3.853
          180          335        3.922
          180          336        3.988
          180          337        4.054
          180          338        4.117
          180          339        4.178
          180          340        4.237
          180          341        4.294
          180          342        4.348
          180          343          4.4
          180          344         4.45
          180          345        4.497
          180          346        4.541
          180          347        4.583
          180          348        4.622
          180          349        4.658
          180          350        4.691
          180          351        4.721
          180          352        4.748
          180          353        4.772
          180          354        4.793
          180          355        4.811
          180          356        4.826
          180          357        4.838
          180          358        4.846
          180          359        4.852
          180          360        4.854
